start,end,length
0,26513,254.70900000000006
0,42308,767.7999999999998
1,42717,259.67400000000004
1,42715,291.83900000000006
2,43763,433.1479999999999
2,43758,552.424
3,1030,86.25800000000001
1030,3,86.25800000000001
3,1332,85.342
1332,3,85.342
3,4,137.519
4,3,137.519
4,1749,84.572
1749,4,84.572
4,1031,86.442
1031,4,86.442
4,5,136.814
5,4,136.814
5,1750,86.566
5,6,270.947
6,5,270.947
6,1033,86.925
6,45566,200.546
45566,6,200.546
7,451,95.652
7,8,55.596000000000004
8,7,55.596000000000004
7,45566,20.291
45566,7,20.291
8,843,86.869
843,8,86.869
8,9,142.53199999999998
9,8,142.53199999999998
9,1034,85.19
11,10,271.702
11,53773,43.714
12,45552,17.096
12,428,86.20799999999998
13,12,105.55300000000001
13,821,79.65
821,13,79.65
13,820,86.374
820,13,86.374
14,13,128.512
14,66,87.268
66,14,87.268
14,2121,81.113
2121,14,81.113
15,2341,266.985
2341,15,266.985
15,254,249.50799999999998
15,518,153.183
518,15,153.183
15,55478,29.605999999999998
55478,15,29.605999999999998
16,17,239.745
16,2340,201.182
2340,16,201.182
17,18,127.58500000000001
18,51261,215.275
18,2797,90.62
19,129,80.866
129,19,80.866
19,1323,80.471
1323,19,80.471
20,1676,80.824
20,19,273.284
21,2174,81.107
21,20,271.734
22,45568,16.91
23,22,109.51899999999999
23,823,80.12400000000001
823,23,80.12400000000001
23,824,80.953
824,23,80.953
24,23,216.04399999999998
24,1678,88.268
1678,24,88.268
24,2120,85.097
2120,24,85.097
25,803,101.449
803,25,101.449
25,802,127.63300000000001
802,25,127.63300000000001
26,44183,263.181
44183,26,263.181
26,2195,96.326
2195,26,96.326
26,1860,171.363
1860,26,171.363
27,28,83.201
28,27,83.201
27,44183,22.926000000000002
44183,27,22.926000000000002
27,46264,246.774
28,2309,172.764
2309,28,172.764
28,45869,245.548
45869,28,245.548
29,30,311.31399999999996
29,1761,76.599
30,977,41.435
31,34,19.017000000000003
34,31,19.017000000000003
31,3043,158.46299999999997
3043,31,158.46299999999997
32,31,60.498000000000005
33,32,71.238
33,2397,78.17
2397,33,78.17
33,35,21.121000000000002
34,286,65.61699999999999
286,34,65.61699999999999
34,35,130.47
35,45694,129.015
36,52776,78.823
37,45579,24.467
37,412,94.214
38,37,154.372
38,45682,81.501
39,53872,78.361
39,49408,80.61699999999999
49408,39,80.61699999999999
40,39,275.139
40,49889,98.33800000000001
49889,40,98.33800000000001
40,807,79.678
807,40,79.678
40,47352,79.248
47352,40,79.248
41,53903,79.025
53903,41,79.025
41,42,273.755
41,868,81.524
868,41,81.524
42,43,271.016
42,1772,80.0
43,45578,129.929
43,1643,79.952
44,45,127.84
44,435,81.00200000000001
45,46,215.248
45,828,79.014
828,45,79.014
45,827,81.592
827,45,81.592
46,1644,94.109
1644,46,94.109
46,1774,84.18900000000001
1774,46,84.18900000000001
47,45510,32.75
45510,47,32.75
47,42068,109.305
42068,47,109.305
48,42068,24.895000000000003
42068,48,24.895000000000003
48,53472,73.83
50,51,113.452
50,376,47.252
51,3083,62.525999999999996
52,53295,88.58599999999998
52,2775,36.488
53,54,70.349
53,50476,55.861
54,55,87.162
55,43046,330.6400000000001
56,43046,247.873
57,749,86.073
58,42828,285.923
58,42829,794.1990000000001
59,52029,103.373
59,1118,101.187
1118,59,101.187
59,50557,177.501
50557,59,177.501
59,42834,15.532
42834,59,15.532
60,53174,109.186
61,65,148.11800000000005
61,135,55.334999999999994
135,61,55.334999999999994
61,44454,86.879
44454,61,86.879
62,3189,991.247
63,3182,109.561
64,287,55.665
65,80,82.482
66,44454,11.63
44454,66,11.63
66,820,144.178
820,66,144.178
66,323,88.29700000000001
323,66,88.29700000000001
67,2850,146.855
67,3049,79.93700000000001
68,50878,12.107
68,1300,82.824
68,55307,81.951
69,2910,133.076
70,43022,271.837
70,3064,32.425
71,44454,279.53600000000006
71,65,201.96499999999997
72,2619,140.983
72,1606,84.173
1606,72,84.173
72,2223,86.21199999999999
2223,72,86.21199999999999
73,44479,45.510999999999996
44479,73,45.510999999999996
73,2224,77.66799999999999
2224,73,77.66799999999999
74,75,91.274
74,76,68.236
75,1205,15.019
75,152,81.92999999999999
76,55,81.91499999999999
76,43048,194.959
43048,76,194.959
76,2305,16.86
2305,76,16.86
77,78,91.17
77,54001,329.028
77,1736,171.652
1736,77,171.652
78,43017,301.2270000000001
79,43019,896.3270000000001
80,61,158.82299999999995
80,62,269.079
81,51141,3.421
81,82,116.857
82,50567,2221.59
82,963,63.845
963,82,63.845
82,51149,82.57
51149,82,82.57
83,2924,82.643
83,69,514.1179999999999
84,85,84.832
84,48656,152.038
48656,84,152.038
84,1046,76.262
1046,84,76.262
85,3133,150.618
85,50355,46.381
86,46652,252.928
86,46651,242.788
87,50914,187.47099999999998
50914,87,187.47099999999998
87,734,273.096
734,87,273.096
87,2002,83.089
88,3134,134.994
88,53625,79.699
89,163,125.39699999999999
90,92,41.282
91,2633,79.423
91,55521,171.78
92,3112,1939.258
93,43163,28.061999999999998
93,43142,99.562
94,43042,213.794
94,51256,29.974
95,44445,123.10499999999999
44445,95,123.10499999999999
95,814,113.878
814,95,113.878
95,1013,89.652
1013,95,89.652
96,43033,36.561
96,2270,79.488
97,98,128.146
97,99,184.684
98,99,111.72699999999999
98,2753,129.66
2753,98,129.66
99,170,538.1669999999999
100,101,123.061
100,51059,101.35999999999999
101,1839,242.86399999999998
102,41903,20.887
102,47825,49.51
103,1846,274.15299999999996
1846,103,274.15299999999996
104,44393,35.382
104,44394,62.081
105,109,132.78199999999998
105,106,133.751
106,115,88.47699999999999
106,107,36.784000000000006
107,50540,92.95399999999998
107,108,25.113999999999997
108,49982,102.43800000000002
108,51255,158.67999999999995
109,1512,73.918
109,1466,130.498
110,867,161.03500000000003
110,2330,275.724
2330,110,275.724
110,136,90.111
136,110,90.111
110,1328,85.357
1328,110,85.357
111,3149,57.373999999999995
111,1489,52.119
112,139,138.14
112,44386,147.37999999999997
113,112,117.06500000000001
114,51903,12.15
114,44387,170.694
44387,114,170.694
115,1285,131.053
115,1502,76.813
115,50540,134.887
116,117,100.57199999999999
116,963,91.81200000000001
116,2088,88.09599999999999
117,82,12.466
118,77,163.297
119,287,76.90599999999999
287,119,76.90599999999999
119,44385,125.775
119,2757,80.86699999999999
2757,119,80.86699999999999
120,137,10.78
120,121,399.502
121,44284,1189.184
122,567,73.948
567,122,73.948
122,123,140.079
123,45458,25.51
124,49984,5.467
124,42149,353.868
125,2715,79.313
125,44400,144.292
126,43060,291.65200000000004
126,125,54.095
127,128,40.296
127,44436,133.899
128,1267,86.46000000000001
128,2446,118.429
129,53902,86.368
53902,129,86.368
129,2325,274.182
130,81,72.66099999999999
132,54082,29.135
133,624,14.532
134,1865,80.485
135,49061,52.935
136,2331,276.154
136,142,230.319
142,136,230.319
137,122,78.219
138,47312,20.564
138,47313,74.57
47313,138,74.57
139,169,1070.6889999999999
140,141,69.747
140,44391,182.59300000000002
141,1758,238.874
142,1329,84.464
1329,142,84.464
143,1641,456.039
143,50370,321.714
144,53501,122.78200000000001
145,43062,31.211999999999996
146,909,133.956
146,43071,143.418
147,135,48.945
147,41893,242.572
148,53906,114.619
148,53908,88.983
53908,148,88.983
149,43069,33.213
43069,149,33.213
150,51141,119.495
150,117,66.023
151,150,54.749
151,116,49.853
152,144,107.11
152,50372,38.432
153,49511,13.404
49511,153,13.404
153,44485,255.68699999999998
44485,153,255.68699999999998
153,2652,75.921
154,155,34.708999999999996
155,154,34.708999999999996
154,45685,356.859
45685,154,356.859
155,2793,35.573
2793,155,35.573
155,166,339.469
166,155,339.469
156,43059,555.5600000000001
156,51019,499.3959999999999
51019,156,499.3959999999999
156,160,188.92899999999997
157,42853,81.091
42853,157,81.091
157,1185,59.44800000000001
1185,157,59.44800000000001
157,2404,76.931
158,56,299.4290000000001
158,43045,251.50199999999998
159,44688,195.914
159,3141,90.84700000000001
160,51898,388.815
161,46566,20.742
161,3047,76.806
162,2909,160.788
163,53910,44.099999999999994
163,43025,931.3340000000001
164,44380,128.649
165,166,111.211
166,165,111.211
166,45697,191.92899999999997
45697,166,191.92899999999997
167,53026,87.87
167,50373,71.384
168,104,84.018
169,168,97.42599999999999
169,141,419.61800000000005
170,171,100.35
170,1146,664.9800000000002
171,1147,114.006
172,324,39.804
324,172,39.804
172,41814,164.83499999999998
172,2226,51.043
2226,172,51.043
173,297,204.401
173,2907,174.059
174,173,165.31
175,2740,161.477
176,486,80.365
176,44211,18.308
44211,176,18.308
176,177,132.421
177,176,132.421
177,487,88.695
177,178,80.822
178,177,80.822
178,179,82.346
179,178,82.346
178,2125,225.22199999999998
179,489,123.391
179,180,78.513
180,179,78.513
180,2127,173.279
180,181,82.603
181,180,82.603
181,491,157.555
181,182,118.17699999999999
182,181,118.17699999999999
182,48135,105.53099999999999
48135,182,105.53099999999999
182,492,183.909
492,182,183.909
182,183,227.882
183,182,227.882
183,184,76.29899999999999
184,183,76.29899999999999
183,494,233.29899999999998
494,183,233.29899999999998
184,185,77.469
185,184,77.469
185,186,79.33500000000001
186,185,79.33500000000001
186,1305,126.651
186,187,76.70400000000001
187,186,76.70400000000001
187,498,170.32899999999998
187,188,79.44000000000001
188,187,79.44000000000001
188,559,200.38199999999998
188,189,79.015
189,188,79.015
189,500,148.772
189,190,54.518
190,189,54.518
190,191,80.414
191,190,80.414
191,192,73.05
192,191,73.05
191,502,134.39600000000002
192,41856,98.327
41856,192,98.327
192,3192,79.308
193,41859,77.97
41859,193,77.97
193,194,108.22
194,193,108.22
193,328,196.401
194,2392,85.516
2392,194,85.516
194,805,82.683
805,194,82.683
194,195,141.076
195,194,141.076
195,196,142.921
196,195,142.921
196,3051,81.21100000000001
3051,196,81.21100000000001
196,197,199.12199999999999
197,196,199.12199999999999
197,46589,76.28599999999999
46589,197,76.28599999999999
197,198,247.485
198,197,247.485
198,1500,310.552
1500,198,310.552
198,51442,244.54799999999997
51442,198,244.54799999999997
198,335,86.894
335,198,86.894
200,3203,39.309
3203,200,39.309
200,3170,75.977
3170,200,75.977
201,202,95.02499999999999
201,2407,39.596000000000004
202,203,58.203
202,3084,37.382999999999996
3084,202,37.382999999999996
202,2038,78.834
2038,202,78.834
203,2965,33.742
203,204,90.145
204,2040,66.911
2040,204,66.911
204,2399,30.355999999999998
2399,204,30.355999999999998
205,2353,76.471
205,51057,72.3
205,51274,67.916
51274,205,67.916
206,207,73.685
206,2496,90.18
2496,206,90.18
207,2497,87.10100000000001
208,209,89.28399999999999
208,2499,75.212
209,210,51.669999999999995
209,2723,76.603
210,211,85.395
210,52780,66.981
52780,210,66.981
210,2083,74.77799999999999
2083,210,74.77799999999999
211,212,31.416000000000004
212,1934,59.885
213,1883,42.407
213,214,135.658
214,660,71.724
214,971,52.114000000000004
215,216,115.41
215,1156,86.009
1156,215,86.009
215,2943,83.47599999999998
2943,215,83.47599999999998
215,2046,222.97999999999996
2046,215,222.97999999999996
216,217,64.718
217,218,59.346000000000004
217,1366,72.322
218,619,80.252
218,54024,30.033
219,1645,79.392
219,220,136.665
220,54035,134.959
54035,220,134.959
220,221,142.19
221,46749,15.187
46749,221,15.187
221,2858,230.634
222,339,117.70500000000001
222,3062,74.049
223,222,309.291
223,698,74.53099999999999
224,1958,74.431
224,223,273.814
225,224,274.223
225,52945,74.157
226,2439,74.184
226,225,277.66299999999995
227,226,269.908
227,2365,73.784
227,228,224.07600000000002
228,2366,79.56
229,44376,84.152
44376,229,84.152
229,230,73.874
230,229,73.874
230,42264,59.237
42264,230,59.237
230,2068,76.04400000000001
2068,230,76.04400000000001
230,50552,64.176
50552,230,64.176
231,701,78.337
232,231,273.89300000000003
232,1746,84.6
233,232,273.776
233,1381,78.58
234,1747,84.71000000000001
234,233,293.79800000000006
235,3031,78.497
235,234,270.12600000000003
236,42059,18.102
42059,236,18.102
236,2479,165.30200000000002
236,42057,166.329
42057,236,166.329
237,2437,77.69
2437,237,77.69
237,41809,145.597
41809,237,145.597
238,46328,21.836
46328,238,21.836
238,237,132.355
238,46332,89.292
239,1591,85.364
240,239,79.081
241,240,79.261
241,2778,168.488
2778,241,168.488
242,241,79.149
242,2779,203.20100000000002
2779,242,203.20100000000002
243,242,452.93600000000004
243,1844,108.446
1844,243,108.446
244,2738,77.928
2738,244,77.928
244,243,495.6379999999999
244,1180,131.544
244,1844,396.974
1844,244,396.974
245,2944,84.43199999999999
2944,245,84.43199999999999
245,54023,52.745999999999995
54023,245,52.745999999999995
246,245,77.97899999999998
246,54001,149.972
54001,246,149.972
246,938,260.209
938,246,260.209
246,1736,125.71999999999998
1736,246,125.71999999999998
247,43018,203.42700000000002
247,54001,77.18400000000001
54001,247,77.18400000000001
248,2576,155.018
248,1041,87.725
249,248,62.397999999999996
250,1141,80.059
1141,250,80.059
250,1759,79.33099999999999
1759,250,79.33099999999999
251,250,134.244
251,46588,80.34100000000001
46588,251,80.34100000000001
251,1109,53.672
1109,251,53.672
252,251,97.32
252,1109,113.155
1109,252,113.155
252,1760,83.96799999999999
1760,252,83.96799999999999
253,254,84.65299999999999
254,253,84.65299999999999
253,517,51.422
517,253,51.422
253,516,134.51399999999998
516,253,134.51399999999998
254,3058,159.114
255,1819,79.131
256,257,140.262
256,53978,46.185
257,705,78.481
257,258,274.003
258,1820,78.64
258,259,273.659
259,50976,79.006
259,260,276.89000000000004
260,1821,77.043
260,261,270.50300000000004
261,1727,79.081
261,262,274.133
262,753,80.378
262,263,265.379
263,51281,19.344
263,1728,83.70400000000001
264,46668,192.106
46668,264,192.106
264,2514,78.384
2514,264,78.384
264,54031,85.532
54031,264,85.532
265,46591,7.999
46591,265,7.999
265,266,30.322
265,518,176.286
518,265,176.286
266,46603,23.33
267,268,78.327
268,267,78.327
267,46603,77.385
46603,267,77.385
268,269,78.925
269,268,78.925
268,849,243.483
269,521,228.416
269,270,85.359
270,269,85.359
270,1036,121.148
1036,270,121.148
270,1037,117.395
1037,270,117.395
270,271,209.96699999999998
271,270,209.96699999999998
271,1753,118.925
1753,271,118.925
271,272,176.295
272,271,176.295
271,2523,121.868
2523,271,121.868
272,1754,118.979
1754,272,118.979
272,2642,122.114
2642,272,122.114
272,273,176.671
273,272,176.671
273,274,131.061
274,273,131.061
273,861,118.852
861,273,118.852
273,862,122.114
862,273,122.114
274,1755,118.762
1755,274,118.762
274,3120,90.445
3120,274,90.445
274,275,129.414
275,274,129.414
275,2550,27.281
2550,275,27.281
275,3120,156.828
3120,275,156.828
276,277,78.598
277,276,78.598
276,1943,88.29100000000001
1943,276,88.29100000000001
277,50734,49.189
277,278,79.328
278,277,79.328
278,279,80.699
279,278,80.699
279,1075,83.189
279,280,152.42
280,279,152.42
280,51019,11.367
51019,280,11.367
280,1944,54.81
282,46333,18.594
46333,282,18.594
282,13401,286.144
13401,282,286.144
282,534,167.52999999999997
283,1742,235.494
283,46321,75.537
284,283,106.743
284,1741,99.025
1741,284,99.025
285,284,87.905
286,1710,79.527
287,288,80.136
288,287,80.136
288,289,77.369
289,288,77.369
288,2913,69.834
289,650,213.70799999999997
289,51277,64.086
289,290,81.063
290,289,81.063
290,291,79.562
291,290,79.562
291,292,79.54499999999999
292,291,79.54499999999999
292,293,78.771
293,292,78.771
292,2720,215.352
293,1704,214.318
293,294,79.953
294,293,79.953
294,50374,214.53799999999998
50374,294,214.53799999999998
294,295,79.39399999999999
295,294,79.39399999999999
295,3119,215.611
295,296,80.502
296,295,80.502
296,297,79.64999999999999
297,296,79.64999999999999
297,2472,215.481
297,298,86.29599999999999
298,297,86.29599999999999
298,1541,216.717
1541,298,216.717
298,299,86.718
299,298,86.718
299,44687,178.93999999999997
44687,299,178.93999999999997
299,1838,215.03600000000003
299,300,81.541
300,299,81.541
300,43038,219.817
43038,300,219.817
300,301,80.978
301,300,80.978
301,44384,227.121
44384,301,227.121
301,668,216.086
301,302,79.725
302,301,79.725
302,53123,229.411
53123,302,229.411
302,303,79.17099999999999
303,302,79.17099999999999
303,51059,222.168
303,2630,215.493
303,304,81.13999999999999
304,303,81.13999999999999
304,305,87.74700000000001
305,304,87.74700000000001
305,2926,227.347
2926,305,227.347
305,3135,215.95100000000002
3135,305,215.95100000000002
305,306,84.725
306,305,84.725
306,1816,226.83999999999997
306,307,81.82
307,306,81.82
307,2976,216.873
307,308,80.502
308,307,80.502
308,1909,226.792
308,309,80.304
309,308,80.304
309,2751,216.773
310,1364,226.608
310,311,80.117
311,310,80.117
311,3136,216.777
311,312,86.941
312,311,86.941
312,313,85.455
313,312,85.455
312,542,178.131
542,312,178.131
312,541,217.245
541,312,217.245
313,3056,217.004
313,314,79.563
314,313,79.563
314,2547,223.558
314,315,80.02199999999999
315,314,80.02199999999999
315,1555,217.263
315,316,79.445
316,315,79.445
316,317,84.16
317,316,84.16
316,1556,295.11400000000003
317,3137,216.434
317,53202,68.76
53202,317,68.76
318,50353,28.689999999999998
318,1144,34.739999999999995
319,1846,76.899
320,319,271.694
320,53775,34.547
321,45583,18.204
321,427,81.954
322,819,80.316
819,322,80.316
322,321,104.654
322,820,87.15
820,322,87.15
323,322,158.13
323,1848,81.93
1848,323,81.93
324,2225,79.459
2225,324,79.459
325,324,140.988
325,2389,88.664
2389,325,88.664
325,3093,79.557
3093,325,79.557
326,325,133.957
326,1098,79.49199999999999
1098,326,79.49199999999999
326,1099,88.307
1099,326,88.307
327,2841,79.46
2841,327,79.46
327,2390,88.185
2390,327,88.185
327,326,118.613
328,327,89.473
328,506,82.886
506,328,82.886
328,507,91.075
507,328,91.075
329,193,85.425
329,2392,116.333
330,329,83.893
331,41861,52.394
331,41857,92.35400000000001
332,46613,85.013
46613,332,85.013
332,2392,85.81899999999999
2392,332,85.81899999999999
332,330,112.548
332,333,398.686
333,44488,103.08
334,335,224.584
334,333,250.41100000000003
335,45675,328.26700000000005
336,1891,183.78999999999996
337,336,77.263
337,51111,145.50799999999998
338,55403,11.695
338,337,77.27600000000001
339,55402,39.977
340,2363,94.71799999999999
340,339,77.468
341,340,83.232
341,51122,237.392
342,1745,43.917
1745,342,43.917
342,341,89.4
342,2556,110.94800000000001
2556,342,110.94800000000001
344,701,260.67400000000004
345,53982,4.212
345,344,85.135
346,53981,49.691
346,703,200.616
347,346,84.556
347,1819,139.917
348,53980,4.58
348,256,85.591
349,706,79.34
349,53979,51.745
351,350,85.59400000000001
351,711,81.771
352,351,83.297
353,352,82.014
353,713,134.25400000000002
354,353,82.217
354,1987,117.59100000000001
355,715,177.745
356,355,82.289
356,1989,75.245
357,356,87.10499999999999
357,1690,51.247
1690,357,51.247
360,1994,66.428
360,359,81.788
361,360,80.15
362,1995,81.62599999999999
362,361,80.12400000000001
363,1398,189.84
363,362,79.029
364,1997,87.992
365,364,79.235
366,1999,104.86
367,366,80.614
368,367,81.34599999999999
368,890,144.92000000000002
369,368,93.368
369,1403,94.55799999999999
1403,369,94.55799999999999
370,2002,213.024
370,369,93.597
371,44373,6.599
44373,371,6.599
371,44371,67.166
372,1494,97.68199999999999
372,371,163.627
372,411,94.219
374,373,111.55900000000001
375,374,37.574999999999996
376,1262,110.216
376,375,26.866
377,1779,120.977
377,50,86.23299999999999
378,2034,128.671
378,377,69.012
379,3044,128.418
379,378,11.196
381,55244,40.721
381,46273,139.494
381,380,65.484
382,2480,163.817
384,626,116.952
384,383,69.248
385,384,69.596
386,52781,76.531
387,3041,176.74699999999999
387,386,77.03200000000001
388,2500,151.77100000000002
388,387,80.04599999999999
389,388,68.025
390,2084,82.33600000000001
2084,390,82.33600000000001
390,389,33.403
391,390,70.37299999999999
391,1936,80.673
392,391,122.11000000000001
392,2938,81.304
393,969,80.504
394,2155,80.69200000000001
395,2830,80.583
396,46745,15.427
396,2768,83.619
397,2504,115.221
397,46462,90.25599999999999
398,2062,82.32000000000001
398,397,81.295
399,2505,111.09700000000001
399,398,77.429
400,2832,80.64
400,399,78.758
402,1889,122.19000000000001
1889,402,122.19000000000001
402,401,65.85799999999999
403,2506,126.179
403,402,68.943
404,2809,228.957
404,403,74.65
405,404,75.134
406,3090,195.914
406,405,79.783
407,2635,104.797
407,406,86.332
408,1624,125.504
408,407,86.437
409,2074,80.787
2074,409,80.787
409,408,92.15200000000002
409,1831,96.98499999999999
1831,409,96.98499999999999
410,2414,52.778
412,45682,203.78
413,45681,109.42
413,37,90.814
414,413,93.09700000000001
414,2316,65.37
415,414,135.506
416,415,47.506
416,53190,22.723
417,416,93.344
417,1912,199.257
418,417,89.54299999999999
419,45580,22.099
419,418,90.10699999999999
420,46586,77.489
420,419,89.577
421,45559,21.277
421,420,87.77000000000001
422,45545,98.297
422,2168,41.259
2168,422,41.259
423,422,91.538
424,45549,18.792
424,423,83.531
425,817,159.497
425,424,82.51799999999999
426,45555,18.734
426,425,85.32000000000001
427,819,116.62100000000001
427,426,82.309
428,45546,17.3
45546,428,17.3
428,820,104.62
820,428,104.62
428,321,87.027
429,821,105.67999999999999
429,12,80.203
430,45587,18.18
430,429,79.513
431,430,82.273
431,823,108.09
432,22,81.177
432,824,115.362
433,45560,16.688
45560,433,16.688
433,825,120.81899999999999
825,433,120.81899999999999
433,432,87.332
434,433,85.785
434,826,127.28999999999999
435,45585,16.700000000000003
435,434,77.866
436,45567,18.013
436,44,78.656
437,829,128.80700000000002
437,436,80.81400000000001
438,45576,19.618
438,437,80.42699999999999
439,831,127.968
439,438,79.722
440,45589,21.583
440,439,79.56400000000001
441,440,79.608
441,45557,25.016000000000002
442,834,125.96
834,442,125.96
442,441,87.372
442,45584,22.154
45584,442,22.154
443,835,126.602
443,442,84.79899999999999
444,45573,18.67
444,443,79.584
445,837,127.72
445,444,79.593
446,45558,19.086
446,445,80.589
447,839,127.868
447,446,79.538
448,45582,19.52
448,447,79.52499999999999
449,841,126.293
449,448,80.001
450,45548,20.534
450,449,80.351
451,843,93.652
451,450,81.67200000000001
452,844,19.129
452,7,94.861
453,44459,79.915
453,2139,135.43
454,50005,16.388
50005,454,16.388
454,2140,117.72
2140,454,117.72
454,453,76.781
455,54793,135.84500000000003
455,454,82.91900000000001
456,44179,17.968
456,455,79.494
457,456,79.662
457,852,167.316
458,44181,17.707
458,457,80.30299999999998
459,51334,191.277
459,458,80.45600000000002
460,46265,85.188
461,2309,83.394
2309,461,83.394
461,52806,23.272
52806,461,23.272
461,27,171.948
462,44184,24.446
44184,462,24.446
462,54354,162.288
54354,462,162.288
462,461,78.90799999999999
463,48237,18.337
48237,463,18.337
463,1787,265.347
1787,463,265.347
463,54362,79.13
464,567,264.835
567,464,264.835
464,463,78.223
464,44186,18.311
44186,464,18.311
465,54359,165.484
465,44187,18.314
44187,465,18.314
465,54086,224.405
54086,465,224.405
466,2142,177.563
466,44189,78.122
467,466,80.532
467,47894,428.598
468,467,78.569
468,2143,190.92200000000003
469,468,78.859
469,44193,18.312
470,469,79.142
470,2144,182.838
471,470,80.933
471,44195,18.314
472,2145,142.298
472,471,78.623
473,44197,18.306
473,472,78.166
474,473,86.916
474,1234,134.252
1234,474,134.252
474,44198,18.033
44198,474,18.033
475,474,84.597
475,44199,18.308
476,2148,116.746
476,475,79.083
477,476,79.921
477,44201,18.307000000000002
478,1245,129.87
478,477,79.412
479,478,77.93
479,44203,18.304000000000002
480,479,78.939
480,2129,157.233
481,480,79.587
481,44205,18.307000000000002
482,481,79.298
482,2131,269.358
483,44207,18.308
44207,483,18.308
483,482,165.619
484,483,83.489
484,44208,18.303
485,2945,38.071
485,44467,56.325
486,485,75.907
486,48137,82.913
48137,486,82.913
486,44210,18.3
44210,486,18.3
487,44212,18.311
487,176,79.182
488,178,106.254
488,487,78.851
489,488,80.293
489,44214,18.302
490,489,75.417
490,180,140.606
491,490,82.311
491,44216,18.307
492,491,95.72
492,44217,18.306
44217,492,18.306
493,44218,18.307
44218,493,18.307
493,492,87.287
494,55296,70.267
494,44219,17.733
44219,494,17.733
495,48236,11.016
495,48131,11.365
496,48132,39.667
48132,496,39.667
496,185,229.92999999999998
496,497,87.75699999999999
497,496,87.75699999999999
497,186,189.09699999999998
497,498,80.96499999999999
498,497,80.96499999999999
498,1092,100.50999999999999
498,499,84.106
499,498,84.106
499,188,158.30599999999998
499,500,84.13799999999999
500,499,84.13799999999999
500,2838,38.164
500,501,86.75800000000001
501,500,86.75800000000001
501,502,85.556
502,501,85.556
501,190,140.193
502,503,70.19
503,502,70.19
503,192,128.975
503,504,17.77
504,503,17.77
504,505,79.296
505,504,79.296
505,2840,122.53299999999999
505,506,84.95899999999999
506,505,84.95899999999999
506,41859,166.179
507,508,70.994
508,507,70.994
507,2390,73.854
2390,507,73.854
507,2391,84.47
2391,507,84.47
508,509,78.85499999999999
509,508,78.85499999999999
509,1785,94.724
1785,509,94.724
509,510,74.034
510,509,74.034
510,2843,105.484
2843,510,105.484
510,511,80.086
511,510,80.086
510,3057,85.011
3057,510,85.011
511,2844,116.391
511,512,56.038
512,511,56.038
512,2538,84.929
2538,512,84.929
512,513,114.124
513,512,114.124
513,514,135.039
514,513,135.039
513,1499,86.81
1499,513,86.81
514,2898,84.786
514,515,137.894
515,514,137.894
515,3058,83.414
3058,515,83.414
515,516,26.086
516,515,26.086
516,3024,106.97800000000001
3024,516,106.97800000000001
517,54366,37.393
54366,517,37.393
518,2342,180.48399999999998
2342,518,180.48399999999998
519,850,160.667
519,520,169.65800000000002
520,519,169.65800000000002
519,46602,91.922
46602,519,91.922
520,521,81.518
521,520,81.518
520,850,130.55599999999998
521,44487,33.574
44487,521,33.574
522,523,129.885
523,522,129.885
522,1038,97.576
522,2105,97.948
522,44487,52.569
44487,522,52.569
523,524,80.692
524,523,80.692
523,2011,141.231
524,1753,119.899
1753,524,119.899
524,525,176.379
525,524,176.379
524,2524,98.417
2524,524,98.417
525,1754,117.704
1754,525,117.704
525,3007,99.06400000000001
3007,525,99.06400000000001
526,861,117.05199999999999
861,526,117.05199999999999
526,860,98.618
860,526,98.618
526,527,131.2
527,526,131.2
527,51454,22.924
51454,527,22.924
527,1755,104.245
1755,527,104.245
527,3008,108.987
3008,527,108.987
528,529,92.843
529,528,92.843
528,2834,190.88400000000001
528,51454,85.6
51454,528,85.6
529,530,86.43299999999999
530,529,86.43299999999999
530,643,101.755
530,531,96.46799999999999
531,530,96.46799999999999
531,3073,66.22800000000001
3073,531,66.22800000000001
531,532,85.924
532,531,85.924
532,46331,54.246
46331,532,54.246
532,2613,42.403
2613,532,42.403
533,238,81.482
534,46323,11.51
46323,534,11.51
534,46148,186.323
535,2818,87.169
536,44658,143.74599999999998
44658,536,143.74599999999998
536,2589,85.66300000000001
537,44658,21.218
44658,537,21.218
537,538,145.089
538,537,145.089
538,539,154.765
539,538,154.765
538,2697,87.05399999999999
539,540,215.563
540,539,215.563
539,2883,84.74
540,541,228.32499999999996
541,540,228.32499999999996
540,2281,87.844
541,3056,84.49300000000001
542,1901,55.507000000000005
1901,542,55.507000000000005
542,543,47.729
543,542,47.729
543,2929,85.67999999999999
2929,543,85.67999999999999
543,2928,87.606
2928,543,87.606
544,201,49.665
545,53295,87.60099999999998
545,544,103.85
546,547,310.553
546,1872,81.2
547,548,273.11199999999997
547,693,87.86200000000002
548,549,211.924
548,1873,80.7
549,984,77.073
549,983,74.912
983,549,74.912
550,984,37.843999999999994
551,552,139.035
551,53241,68.153
53241,551,68.153
551,1533,129.925
552,1533,69.152
552,51056,57.742000000000004
553,3059,88.8
3059,553,88.8
554,846,83.643
555,556,139.25
555,2222,79.75099999999999
2222,555,79.75099999999999
555,2223,80.47
2223,555,80.47
556,557,134.05700000000002
556,3074,82.601
3074,556,82.601
556,3100,80.678
3100,556,80.678
557,558,116.679
557,1093,82.683
1093,557,82.683
557,1092,80.776
1092,557,80.776
558,499,12.31
558,2838,82.382
559,2852,102.422
560,561,25.63
560,45698,51.667
561,49048,56.30799999999999
562,1174,141.994
563,1788,82.345
563,2609,153.039
2609,563,153.039
564,563,302.991
564,1198,77.926
565,47467,14.042
565,1790,81.58099999999999
566,565,265.811
566,1200,79.664
1200,566,79.664
566,1420,81.694
1420,566,81.694
567,1787,77.406
1787,567,77.406
567,1197,80.123
1197,567,80.123
568,1308,79.74
568,2373,153.966
569,838,174.071
569,2134,82.08800000000001
570,2835,72.99
570,571,125.66499999999999
571,653,69.44500000000001
571,572,117.792
572,573,161.672
573,572,161.672
572,654,69.767
573,42069,28.598
42069,573,28.598
573,2837,135.58599999999998
574,50032,80.995
574,2662,60.514
2662,574,60.514
574,575,32.772999999999996
575,574,32.772999999999996
575,576,104.76599999999999
576,575,104.76599999999999
575,2659,23.372999999999998
2659,575,23.372999999999998
576,2477,164.382
2477,576,164.382
576,2662,173.079
2662,576,173.079
577,2919,17.601
577,54012,126.653
578,49549,69.431
578,579,141.07500000000002
579,580,109.186
579,1768,69.475
1768,579,69.475
579,2920,79.208
2920,579,79.208
580,44033,99.796
580,961,69.62
581,582,143.758
581,613,77.55199999999999
582,1655,77.24600000000001
582,583,137.96800000000002
583,941,69.691
583,46733,140.94099999999997
584,337,160.917
584,1891,75.196
585,697,73.961
586,585,274.03900000000004
586,1892,74.351
587,586,273.563
587,1379,74.694
588,1893,74.797
589,3063,74.252
589,588,269.703
590,51270,77.548
590,589,168.154
591,3117,79.13900000000001
592,44634,144.387
592,2468,79.312
593,594,146.129
594,595,154.20999999999998
594,2692,80.2
595,596,216.079
595,2471,79.15799999999999
596,2274,80.09899999999999
596,597,228.91299999999998
597,296,215.59199999999998
597,2472,78.04599999999999
598,686,19.548000000000002
599,920,26.015
599,598,167.825
600,2436,120.291
2436,600,120.291
600,2437,82.764
2437,600,82.764
600,601,173.70000000000002
601,600,173.70000000000002
601,46330,13.078
46330,601,13.078
601,533,85.49
602,1254,85.028
602,603,117.522
603,602,117.522
602,46330,90.042
46330,602,90.042
603,604,86.688
604,603,86.688
604,3071,162.74
3071,604,162.74
604,605,122.554
605,604,122.554
605,1049,120.182
606,47426,154.818
606,2465,79.717
607,1053,94.369
1053,607,94.369
607,1054,93.59899999999999
1054,607,93.59899999999999
607,50565,204.49
608,1412,79.723
1412,608,79.723
608,607,61.997
608,1413,79.94200000000001
1413,608,79.94200000000001
609,608,140.347
609,2466,80.162
2466,609,80.162
609,2734,79.688
2734,609,79.688
610,609,133.826
610,2017,79.884
2017,610,79.884
610,2016,80.00099999999999
2016,610,80.00099999999999
611,46624,9.949
46624,611,9.949
611,657,80.641
657,611,80.641
611,46625,47.305
612,44043,16.628
44043,612,16.628
612,44034,67.522
612,952,100.28499999999998
952,612,100.28499999999998
613,1655,144.261
613,44043,68.06400000000001
614,44041,17.038
614,44036,42.732
615,44041,43.474000000000004
615,1652,143.77
616,44035,17.284
616,615,68.23100000000001
617,44037,17.397
44037,617,17.397
617,616,74.06899999999999
617,1650,143.809
1650,617,143.809
618,1649,143.81300000000002
618,617,71.696
619,1365,57.58
619,51696,75.015
620,50889,37.052
620,1366,64.283
621,620,77.247
622,621,78.544
622,1368,64.363
622,1658,131.691
1658,622,131.691
623,622,149.563
624,1370,64.766
624,623,77.03500000000001
625,1900,93.419
625,2020,44.363
2020,625,44.363
625,2019,42.341
2019,625,42.341
626,627,50.951
627,628,125.44900000000001
627,2970,70.72699999999999
628,629,102.611
628,747,67.285
629,1506,36.676
630,1261,56.528999999999996
630,374,109.804
631,1264,52.214999999999996
632,2406,70.557
632,631,163.353
633,632,75.908
633,3084,85.843
3084,633,85.843
633,3043,73.34700000000001
3043,633,73.34700000000001
634,53983,22.445999999999998
635,2558,78.729
635,51116,151.199
636,3070,78.616
636,637,150.433
637,638,154.754
637,47617,78.622
638,2862,78.387
638,639,214.49699999999999
639,640,128.963
640,639,128.963
639,2248,78.035
640,641,100.50800000000001
641,640,100.50800000000001
641,2618,157.401
642,3071,81.562
3071,642,81.562
642,3190,183.471
3190,642,183.471
643,3073,84.688
3073,643,84.688
643,1910,80.722
1910,643,80.722
644,3160,79.42699999999999
645,644,154.592
645,903,79.71900000000001
646,44633,21.494
646,904,79.327
647,2689,79.502
648,647,154.481
648,906,79.443
649,648,215.948
649,2271,78.93299999999999
650,53625,138.851
650,908,78.432
651,2166,79.566
652,49043,157.123
49043,652,157.123
652,570,70.39
653,652,128.077
653,3065,68.587
654,653,94.56500000000001
654,42261,76.614
655,656,24.818
656,655,24.818
656,191,79.197
657,658,72.309
658,657,72.309
657,2153,79.18
658,659,76.033
659,658,76.033
658,974,84.57399999999998
659,660,75.91799999999999
660,659,75.91799999999999
659,51677,90.43100000000001
660,661,35.739
661,660,35.739
660,2154,98.724
661,971,67.241
662,1927,80.219
663,2583,80.827
663,662,154.678
664,44640,20.937
664,3079,80.502
665,664,145.959
665,1930,82.183
666,665,154.405
666,2879,80.596
667,666,215.898
667,1932,81.501
668,667,228.068
668,3080,80.189
669,44414,72.73700000000001
669,679,44.2
670,130,101.908
671,50548,9.075
671,672,82.053
672,3040,94.72600000000001
672,673,93.143
673,2722,80.812
673,674,86.98599999999999
674,675,43.009
674,2086,95.449
675,1829,50.723
1829,675,50.723
675,50549,76.899
676,51730,89.638
677,964,58.794999999999995
677,81,113.62100000000001
677,678,63.476
678,670,17.328
678,679,155.898
679,680,85.78699999999999
679,1922,63.342999999999996
680,2512,163.76500000000001
680,681,82.307
681,1898,178.338
681,682,82.21799999999999
682,51619,8.261
683,1610,124.40299999999998
683,883,135.62800000000001
683,46468,107.34199999999998
683,684,96.82
685,686,81.274
686,46471,135.549
686,687,77.325
687,46472,140.90800000000002
687,688,77.892
688,1132,64.472
688,689,93.588
689,977,46.593999999999994
977,689,46.593999999999994
689,1762,154.792
689,30,60.935
690,794,308.55100000000004
691,792,271.139
691,692,81.496
692,547,80.806
692,1872,308.95500000000004
693,2073,309.28
2073,693,309.28
693,1955,273.776
1955,693,273.776
693,694,86.97099999999999
694,695,81.35000000000001
694,1956,274.502
696,585,74.667
697,1958,274.032
697,223,74.63
698,699,78.15599999999999
699,700,84.859
699,1235,309.019
700,231,84.782
700,1745,309.23400000000004
1745,700,309.23400000000004
701,1960,273.637
701,702,79.03
702,703,77.958
703,704,78.384
704,347,170.44
704,257,78.81400000000001
705,348,109.786
705,706,78.977
706,707,79.001
707,53280,49.278999999999996
708,50981,274.854
709,1720,308.765
1720,709,308.765
709,710,84.167
710,350,51.406
710,711,80.262
711,712,76.886
711,2977,309.504
712,713,78.464
712,352,108.921
713,714,78.849
713,1167,310.66
714,715,78.947
714,354,156.58499999999998
716,717,84.196
717,718,85.72200000000001
718,719,79.573
719,720,79.751
720,721,78.907
721,722,79.519
723,724,79.922
724,725,80.868
724,1015,272.077
726,727,78.61
726,1996,273.21
727,728,79.958
728,1998,273.584
728,729,79.40299999999999
729,2902,310.786
729,730,79.83
730,731,79.17
731,732,85.89
731,889,310.459
732,733,89.478
732,2001,273.721
2001,732,273.721
732,1041,310.831
1041,732,310.831
733,249,248.232
733,734,81.463
735,2771,189.176
736,1290,79.69800000000001
736,134,155.03199999999998
737,1286,79.819
737,44665,25.300000000000004
738,1863,79.41999999999999
738,737,143.696
739,740,214.496
739,738,154.555
739,1288,80.828
740,741,229.98399999999998
740,1867,77.932
741,52788,265.272
741,1291,80.14500000000001
742,743,45.932
742,52899,62.928999999999995
743,744,88.18199999999999
743,748,97.43900000000001
744,629,35.134
745,51057,43.159000000000006
745,205,55.0
746,51239,50.269
746,627,68.126
747,746,125.45700000000001
747,2481,75.255
748,747,73.177
748,744,38.016
749,1748,274.31399999999996
1748,749,274.31399999999996
749,42057,79.169
42057,749,79.169
749,42058,98.439
750,42056,24.916000000000004
751,750,77.11
751,2478,274.58299999999997
752,1278,229.48200000000003
752,751,77.26100000000001
753,1822,274.40999999999997
753,752,78.761
754,262,79.949
755,2649,270.64000000000004
756,757,85.42
757,756,85.42
756,49591,143.953
49591,756,143.953
756,755,84.859
757,758,77.856
758,757,77.856
758,49595,111.72099999999999
758,759,76.26599999999999
759,758,76.26599999999999
759,760,78.317
760,759,78.317
760,44428,81.119
44428,760,81.119
760,1171,275.798
761,55522,5.014
761,44428,76.81200000000001
44428,761,76.81200000000001
761,2799,273.35099999999994
2799,761,273.35099999999994
762,761,78.375
762,3017,271.85999999999996
763,55520,5.147
55520,763,5.147
763,762,85.46799999999999
763,41912,262.243
41912,763,262.243
764,53956,35.649
764,41908,237.469
765,2349,275.062
765,764,78.839
766,41909,197.348
766,765,79.813
767,3123,274.302
767,766,80.209
768,767,79.273
768,41910,196.124
769,768,79.801
769,2345,274.37
770,41911,196.909
770,769,79.45700000000001
771,770,79.724
771,2024,274.613
772,771,79.107
772,41902,196.87299999999996
773,2622,272.971
774,773,76.795
775,2903,273.953
775,774,82.64200000000001
775,41903,197.90599999999998
41903,775,197.90599999999998
776,775,78.759
776,42092,194.18
777,776,79.768
777,893,273.88800000000003
778,42094,227.584
42094,778,227.584
778,777,85.616
778,779,83.87100000000001
779,778,83.87100000000001
778,3113,274.029
3113,778,274.029
779,2901,265.21999999999997
2901,779,265.21999999999997
779,2900,274.499
779,780,81.28099999999999
780,779,81.28099999999999
780,47352,78.946
47352,780,78.946
780,51199,126.191
51199,780,126.191
781,884,109.264
884,781,109.264
781,55417,18.975
782,1520,186.206
782,885,35.337999999999994
782,781,102.141
783,886,34.531
783,782,48.246
784,921,99.82600000000001
784,783,49.671
785,865,104.224
785,784,92.522
786,52923,87.168
787,1184,32.477000000000004
787,786,46.364
787,924,123.56599999999999
788,1126,86.215
788,50902,73.607
789,2959,102.064
789,788,90.013
790,1127,46.139
790,789,55.202
791,980,70.886
791,790,31.522
792,791,93.606
792,1129,73.73400000000001
792,980,77.591
980,792,77.591
793,3170,37.165
3170,793,37.165
793,2027,46.039
2027,793,46.039
794,29,74.706
795,405,226.52
795,3090,76.015
796,797,125.68599999999999
796,2988,77.047
797,50469,148.942
797,2859,76.442
2859,797,76.442
797,2803,75.44200000000001
2803,797,75.44200000000001
798,799,228.558
798,2242,75.053
799,800,213.48700000000002
799,3086,75.433
800,801,223.964
801,800,223.964
800,2805,74.42
2805,800,74.42
800,3087,76.245
3087,800,76.245
801,802,227.64499999999998
802,801,227.64499999999998
801,3088,76.4
3088,801,76.4
801,2806,74.338
2806,801,74.338
802,2807,75.611
2807,802,75.611
802,3089,75.057
3089,802,75.057
803,2808,75.5
2808,803,75.5
803,42412,63.777
42412,803,63.777
803,2641,156.38
2641,803,156.38
804,2433,305.894
804,42411,61.563
42411,804,61.563
805,2391,63.135
2391,805,63.135
805,195,227.13899999999998
806,69,123.282
806,2973,270.38599999999997
807,3053,64.521
3053,807,64.521
807,808,79.575
808,807,79.575
808,44451,98.486
44451,808,98.486
808,3167,111.901
3167,808,111.901
808,809,79.59299999999999
